87.0
58.7
42.7
49.1
94.1
83.7
98.8
45.3
69.7
42.7
71.3
94.1
64.5
45.4
53.4
80.7
48.1
84.7
67.2
73.0
95.2
86.6
41.1
91.1
62.6
66.2
63.2
92.1
40.8
56.0
72.6
60.4
68.4
71.2
45.4
90.7
81.6
77.7
70.6
75.9
72.1
49.6
44.6
70.0
49.3
67.6
74.4
71.5
68.5
86.5
70.3
96.2
72.2
76.5
82.2
66.2
47.7
70.7
67.0
93.3
81.0
48.0
80.4
83.8
53.5
95.4
52.3
46.4
61.4
96.0
60.1
95.3
61.0
99.1
80.8
74.0
84.8
53.5
53.9
50.9
55.0
68.0
65.2
93.5
91.0
95.5
77.1
45.9
80.9
78.3
56.2
96.8
55.2
72.7
63.3
57.3
74.9
53.8
98.0
89.0
91.2
87.8
70.8
62.9
44.1
94.6
76.9
88.0
65.9
73.6
71.3
44.1
41.3
82.5
59.4
66.9
74.6
66.2
63.6
65.3
80.6
73.6
46.5
94.8
97.8